







01703081813

01703081814

01703081815

01703081816

01703081817

01703081818

01703081819

01703081821

01703081822

01703081823

01703081824

01703081825

01703081826

01703081827

01703081828

01703081830

01703081831

01703081832

01703081833

01703081834

01703081835

01703081836

01703081837

01703081838

01703081839

01703081840

01703081841

01703081842

01703081843

01703081844

01703081846

01703081847

01703081848

01703081849

01703081850

01703081851

01703081852

01703081853

01703081854

01703081855

01703081856

01703081857

01703081858

01703081859

01703081860

01703081861

01703081862

01703081864

01703081865

01703081866

01703081867

01703081868

01703081869

01703081870

01703081871

01703081872

01703081873

01703081874

01703081875

01703081813

01703081814

01703081815

01703081816

01703081817

01703081818

01703081819

01703081820

01703081821

01703081822

01703081823

01703081824

01703081825

01703081826

01703081827

01703081828

01703081829

01703081830

01703081831

01703081832

01703081833

01703081834

01703081835

01703081836

01703081837

01703081838

01703081839

01703081840

01703081841

01703081842

01703081843

01703081844

01703081845

01703081846

01703081847

01703081848

01703081849

01703081850

01703081851

01703081852

01703081853

01703081854

01703081855

01703081856

01703081857

01703081858

01703081859

01703081860

01703081861

01703081862

01703081863

01703081864

01703081865

01703081866

01703081867

01703081868

01703081869

01703081870

01703081871

01703081872

01703081873

01703081874

01703081875

01703081876

01703081877

01703081878

01703081879

01703081880

01703081881

01703081882

01703081883

01703081884

01703081885

01703081886

01703081887

01703081888

01703081889

01703081890

01703081891

01703081892

01703081893

01703081894

01703081895

01703081896

01703081897

01703081898

01703081899

01703081900

01703081901

01703081902

01703081903

01703081904

01703081905

01703081906

01703081907

01703081908

01703081909

01703081910

01703081911

01703081912

01703081913

01703081914

01703081915

01703081916

01703081917

01703081918

01703081919

01703081920

01703081921

01703081922

01703081923

01703081924

01703081925

01703081926

01703081927

01703081928

01703081929

01703081930

01703081931

01703081932

01703081933

01703081934

01703081935

01703081936

01703081937

01703081938

01703081939

01703081940

01703081941

01703081942

01703081943

01703081944

01703081945

01703081946

01703081947

01703081948

01703081949

01703081950

01703081951

01703081952

01703081953

01703081954

01703081955

01703081956

01703081957

01703081958

01703081959

01703081960

01703081961

01703081962

01703081963

01703081964

01703081965

01703081966

01703081967

01703081968

01703081813

01703081814

01703081815

01703081816

01703081817

01703081818

01703081819

01703081820

01703081821

01703081822

01703081823

01703081824

01703081825

01703081822

01703081822

01703081822

01703081822

01703081824

01703081824

01703081824

01703081824

01703081826

01703081827

